  MEAN CET FOR 2021    12 MONTHS HAVE DATA     15/07/2024     16:33:14

   2021   -0.5    1.5    1.7   -1.2   -0.9    1.5    1.9    0.2    2.4    1.5    0.8    1.8
   2021    3.3    5.3    7.3    6.6   10.2   15.6   17.8   16.0   16.0   12.0    7.2    6.4
      1    0.0    3.8    4.5    8.9    5.8   16.5   15.4   15.6   14.9   13.4    9.8    7.6
      2    0.6    5.7    4.2    7.0    6.6   18.0   17.3   14.8   16.0    9.9    7.1    2.7
      3    1.7    6.4    3.9    6.5    7.3   16.8   17.8   14.7   16.1   11.2    5.6    4.0
      4    2.6    5.1    4.2    6.8    8.4   13.7   17.5   15.9   15.4   11.8    6.5    4.8
      5    2.6    7.1    3.8    4.4    5.9   15.0   16.1   15.7   18.0   11.3    4.9    5.0
      6    2.1    3.7    2.9    2.9    5.8   16.8   15.0   17.3   19.1   12.1    7.8    3.8
      7   -1.0    1.2    2.7    2.4    7.4   16.9   16.9   15.5   20.5   14.8    9.7    4.2
      8   -0.7   -0.1    5.2    6.8    9.9   15.0   16.9   16.0   21.4   14.9    8.4    5.0
      9    1.3   -0.3    6.4    7.1   13.2   16.6   16.9   16.1   18.8   13.9   10.8    5.5
     10    1.7   -0.1    8.2    4.7   12.5   18.5   16.7   16.8   18.4   12.5   10.8    4.9
     11    4.8   -1.9    8.4    3.3   10.6   17.8   16.1   16.4   18.5   10.9   11.3    6.2
     12    5.1   -0.3    6.6    3.8   10.7   15.8   16.7   16.7   15.0   11.9   10.8    8.5
     13    3.8   -0.6    6.3    5.1   11.0   17.8   17.9   16.6   15.4   11.9   11.0    9.8
     14    4.3    2.4    6.5    7.5    9.8   17.6   17.1   17.4   15.3   12.3    9.1    9.2
     15    2.0    7.2    8.4    5.1   10.3   16.1   17.5   16.9   15.7   10.8    8.9    9.4
     16    3.3    9.2   10.3    5.4   11.2   17.8   18.3   14.5   16.2    9.9    8.2    9.5
     17    5.0    8.6    7.0    6.2   11.7   17.0   20.6   14.9   15.6   12.5    8.4    7.1
     18    6.3    8.4    6.6    7.5   10.6   13.2   21.4   17.2   16.5   13.2    9.8    5.3
     19    7.4    7.6    8.1    9.0   11.0   13.6   21.3   16.8   15.6   15.5   10.9    3.5
     20    9.5   10.5    8.3    9.8    8.8   13.4   21.7   17.6   13.9   13.3    9.9    3.5
     21    4.7   10.5    8.4    8.9   10.6   11.7   21.6   16.9   14.7    8.1    5.1    3.5
     22    3.8    8.5    6.3    7.4   10.1   12.3   22.3   17.5   14.6    8.8    4.1    2.7
     23    1.4    8.9    7.6    8.7    8.6   11.9   19.2   17.4   15.6   10.4    3.9    5.3
     24   -0.5   11.5    9.1    9.6    9.3   14.8   17.5   16.3   16.4   12.0    5.2    6.9
     25    0.3    8.8    8.7    8.4   10.6   14.7   17.6   16.3   17.1   12.4    3.8    5.4
     26    3.0    6.0    8.6    7.7   10.2   15.6   19.3   16.3   16.5   11.7    4.6    5.5
     27    5.5    5.9    6.3    8.2   12.0   15.6   18.4   13.7   13.9   13.4    2.4    6.5
     28    8.9    5.6    9.8    8.0   13.3   15.5   16.7   14.7   12.4   14.0    0.3    8.4
     29    8.0   99.9   13.1    5.7   15.8   16.2   15.0   13.5   10.5   13.3    3.0    9.6
     30    3.0   99.9   12.2    6.4   13.9   14.9   14.4   14.3   11.0   10.8    4.7   11.4
     31    0.9   99.9   14.4   99.9   14.0   99.9   16.2   14.4   99.9    9.7   99.9   12.9

