  MEAN CET FOR 2022    12 MONTHS HAVE DATA     15/07/2024     16:33:05

   2022    0.9    3.2    2.4    1.4    1.9    0.9    2.2    2.9    0.9    2.4    2.7   -1.1
   2022    4.7    7.0    8.0    9.3   13.1   15.0   18.2   18.7   14.4   12.9    9.1    3.5
      1   12.7    8.5    5.8    4.0   10.2   12.1   14.4   18.6   17.5   14.0   12.2    3.8
      2    9.9    9.6    5.7    4.4   12.0   12.5   14.9   21.0   18.2   13.6    9.9    4.1
      3    8.7    8.7    7.5    3.9   11.7   14.7   14.3   20.8   18.1   11.4   10.1    4.9
      4    3.2    5.0    6.7    8.9   12.2   13.2   14.7   17.0   19.4   13.9    7.2    3.7
      5    3.0    5.6    5.4   10.5   12.1   11.0   14.6   15.2   18.6   15.1    8.4    5.3
      6    1.4    6.6    5.2   10.0   13.1   13.2   16.4   14.7   17.5   12.6    8.8    3.6
      7    3.4    5.9    4.3    8.5   13.4   14.8   17.9   16.6   17.4   14.3   10.7    1.3
      8    5.0    7.9    5.4    5.2   13.1   16.1   17.8   19.0   16.0   11.3   12.0   -1.0
      9    4.8    9.0    8.2    5.4   13.3   14.3   17.9   18.8   16.4   10.8   11.2   -0.8
     10    5.4    5.8   11.3    5.3   15.0   16.8   19.0   20.5   16.5   11.1   11.8   -0.4
     11    6.9    4.2    9.9   10.1   12.9   15.8   20.6   21.9   16.6    8.8   14.3   -1.3
     12    3.6    5.2    9.4   11.3   11.2   14.6   21.6   23.0   18.1    9.7   11.9   -1.8
     13    3.9    7.6    9.9   12.7   13.6   13.9   18.5   23.4   14.7   11.7   12.0   -2.2
     14    2.2    6.6    7.8   10.9   13.9   14.0   15.8   23.6   14.2   11.2   10.6   -2.5
     15    1.8    7.0    7.9   13.5   15.1   15.7   16.0   21.4   13.4   11.9   10.2   -4.4
     16    3.9   10.5    8.4   13.2   16.0   17.5   17.3   18.7   11.8   11.6    8.3   -2.6
     17    4.7    8.4    7.3   13.0   16.2   21.1   21.9   17.7    9.9   14.1    9.1   -1.2
     18    2.1    6.7    8.5   10.8   14.9   15.2   24.4   18.9   12.6   10.3    9.1    5.5
     19    3.6    6.2    9.8    9.1   14.5   12.5   28.1   18.0   13.3   12.0    7.7    7.1
     20    2.3    7.1    6.7   11.3   13.7   13.8   19.8   17.7   13.3   13.3    7.4    8.2
     21    1.2    7.2    6.6   11.2   13.5   15.1   17.1   17.3   15.0   13.3    5.1    6.9
     22    3.6    8.2   11.2   11.0   14.6   17.0   18.0   17.0   14.3   14.0    6.9    6.5
     23    4.6    6.6   11.2   11.3   13.2   17.2   17.6   19.9   14.2   14.8    7.7    7.9
     24    3.7    4.8   10.3   11.4   12.3   17.4   21.1   20.6   11.8   13.0    8.3    7.2
     25    3.1    6.4   10.8    9.2   12.9   15.3   18.0   17.2   10.0   13.4    8.2    8.0
     26    5.1    5.8   10.7    9.4   13.8   14.8   16.3   15.9   12.3   15.1    9.1    4.2
     27    7.9    6.5    9.7    6.9   13.1   14.1   15.3   17.8   10.9   15.0   10.1    5.6
     28    6.1    7.6    9.8    8.2   11.5   13.9   17.0   17.1    9.5   15.5    7.7    7.5
     29    8.3   99.9    8.3    8.7   10.8   16.2   18.6   17.2   11.4   14.9    3.7    7.5
     30    4.2   99.9    5.9    8.5    9.9   15.2   18.1   16.3   10.6   14.2    4.8    8.0
     31    5.5   99.9    3.3   99.9   10.7   99.9   20.4   17.2   99.9   13.5   99.9    9.3

