  MEAN CET FOR 2023    12 MONTHS HAVE DATA     15/07/2024     16:32:56

   2023    1.4    2.7    1.4    0.9    1.4    2.9    0.2    0.6    3.4    1.7    1.0    2.5
   2023    5.2    6.5    7.1    8.7   12.5   17.0   16.1   16.4   17.0   12.2    7.4    7.1
      1    8.7    7.4    5.7    8.4   12.6   12.9   17.4   16.7   17.1   16.6   11.2   -0.5
      2    5.3    8.7    5.1    8.6   11.2   13.7   14.7   16.3   18.1   15.1    8.7    0.0
      3    6.1    9.6    4.5    5.7    9.8   13.3   13.8   16.8   17.4   13.3    9.8    1.7
      4   10.0    7.7    4.4    6.6   11.1   13.4   14.1   15.3   20.2   13.6    7.6    4.2
      5   10.2    3.9    3.9    7.8   14.1   12.6   13.9   13.9   20.6   14.3    8.7    5.0
      6    9.0    3.2    4.3   10.3   12.6   12.7   15.6   14.1   21.1   16.4    9.0    2.1
      7    8.8    2.9    2.6    8.1   14.9   14.2   19.4   15.0   23.3   17.5    8.6    3.4
      8    6.6    2.5    0.0    8.3   12.3   13.9   20.5   14.1   22.0   16.8    8.7    7.5
      9    5.9    3.5    2.2    9.7   14.2   15.9   18.4   16.3   22.8   16.8    7.5    9.1
     10    8.1    4.1    2.7   11.2   11.7   19.7   15.9   19.6   21.6   16.1    6.6    8.6
     11    8.3    5.9    3.1    8.4   12.9   20.7   17.5   20.0   19.9   14.6    6.4    8.2
     12    9.1    7.6    7.1    6.0   11.7   21.7   15.9   17.2   17.0   12.0    7.4    7.2
     13    8.3    7.4   11.0    7.7   11.3   20.9   16.2   17.2   13.7   13.3    9.1    6.6
     14    7.7    6.0    5.1    6.1   12.4   17.8   15.1   17.0   15.7    9.2   10.5    4.3
     15    5.7    6.8    3.8    8.5   11.1   18.5   17.1   16.6   16.7    6.1    9.3    6.5
     16    2.8    8.4    7.0    9.8    9.9   19.1   16.4   17.0   15.6    6.1    5.5    8.8
     17   -1.0   10.9   11.7   12.2   11.1   18.0   15.9   18.2   16.8    9.6    7.7    9.3
     18    0.1   11.2   11.3    9.9   13.4   18.9   14.9   18.2   16.0   12.6    9.8   10.1
     19    1.2    9.3    7.4   10.6   13.3   18.0   17.1   19.3   14.3   14.6   11.3    9.1
     20    2.4    9.3    9.4    8.9   13.0   17.3   15.0   18.2   16.5   13.0    9.0    8.4
     21   -0.0    8.4   11.2    8.6   12.9   17.9   14.2   17.4   13.2   11.3    8.8   10.3
     22   -0.4    7.0   11.7    8.3   13.2   18.5   15.2   18.5   11.7    9.7    7.9    9.7
     23    2.3    6.0   10.2    9.8   13.0   18.0   17.1   17.6   12.1    9.5   10.3   10.9
     24    1.6    5.8   10.0    7.2   13.2   20.6   14.5   18.1   15.2   10.6    7.3   11.4
     25    3.2    4.5   10.2    5.1   13.9   21.3   13.9   14.5   16.6    8.6    1.8   10.7
     26    4.1    4.7    7.2    7.2   13.4   16.3   14.8   14.4   15.7   10.1    2.8    7.6
     27    4.4    4.2    5.7    8.4   13.6   15.9   17.8   13.5   15.3   10.6    4.4    7.7
     28    4.1    5.1    7.2   11.7   13.9   19.1   18.4   14.1   15.1   10.2    4.4    9.1
     29    6.3   99.9   10.2   12.0   11.9   16.0   17.7   15.7   15.1   10.0    1.1    7.7
     30    6.5   99.9   12.2   11.2   12.0   13.6   16.1   13.6   13.7   10.6    0.3    7.4
     31    7.0   99.9   10.9   99.9   12.7   99.9   16.4   13.1   99.9    9.3   99.9    6.5
