  MEAN CET FOR 2024    12 MONTHS HAVE DATA     01/01/2025     11:02:59

   2024    1.0    4.0    2.5    1.8    2.9   -0.0    0.3    1.2    0.5    0.9    0.8    2.3
   2024    4.8    7.8    8.2    9.7   14.1   14.0   16.3   17.0   14.0   11.5    7.2    6.8
     01    8.1    5.7    4.3    9.7   13.9   12.5   13.4   20.8   19.2   11.9    9.4   12.4
     02    8.5    8.4    3.5    9.7   13.0   13.8   14.6   19.4   18.6   13.1   11.1    8.1
     03    8.1   11.0    4.6   10.6   10.5   14.5   14.2   18.3   16.1   10.6   11.1    4.2
     04    6.0   10.7    5.0   11.0   11.9   14.2   13.7   16.1   13.7   10.5    9.9    6.6
     05    5.7    9.8    7.0   13.0   12.3   10.2   15.1   18.9   14.7   11.2    9.8    7.8
     06    3.8   10.3    5.8   15.0   12.8   12.4   12.5   18.2   19.7   12.3   10.4    8.3
     07    2.3    4.1    6.1   12.2   13.8   12.0   13.4   15.5   17.6   13.9   10.1    6.4
     08    1.4    5.2    6.6   11.9   14.2   12.7   13.4   16.1   16.6   13.6    8.7    6.1
     09    2.1    6.9    7.7    9.0   15.6   10.3   16.1   19.1   14.5   12.8    7.6    6.1
     10    2.9    8.1    7.7    8.9   16.5   11.7   16.5   18.5   13.3    8.7    9.2    5.7
     11    3.5    7.3    7.3   13.4   16.3   10.5   15.7   19.4   10.8    6.2    8.7    5.4
     12    3.7    5.5    9.4   13.7   17.6   10.9   14.1   22.1    9.4    8.7    6.6    5.5
     13    3.3    7.8   10.6   13.1   14.9   10.0   14.4   17.1    9.3    6.7    7.0    5.3
     14    2.8    9.5   12.1    9.7   15.1   14.1   15.1   16.5   12.6    8.7    8.7    6.7
     15    0.2   13.8   11.7    8.1   16.0   12.5   14.6   16.9   13.3   11.4    6.8    7.9
     16    0.4   10.1    7.6    9.0   13.9   13.6   16.9   15.5   13.8   14.6    7.7    9.8
     17   -0.4   10.7   11.5    7.2   15.4   14.0   16.9   14.9   13.5   14.2    7.1    9.3
     18   -2.0   12.0   10.5    6.4   15.9   13.7   18.7   16.6   15.6   11.3    4.4   10.4
     19    0.2    9.7   11.4   10.7   15.3   14.7   21.4   14.0   16.6   13.2    1.1    4.8
     20    4.1    9.0   12.3    6.7   13.9   14.6   19.1   17.3   16.7   12.7    0.8    5.2
     21    8.0    9.6    9.9    8.2   12.3   15.5   16.9   14.7   17.5   12.2    0.5    7.8
     22    8.5    7.2    9.9    7.0   13.3   16.6   17.1   17.0   15.5   11.7    2.7    4.6
     23    8.8    5.1    6.4    8.2   12.8   16.7   18.6   16.8   14.1   11.9    8.0    5.9
     24    8.4    3.9    8.6    7.2   12.8   18.8   17.2   15.1   13.7   11.9   10.5    7.2
     25    8.2    3.7    6.7    6.8   13.6   19.8   17.7   13.2   11.3   13.7    8.9    8.6
     26    7.1    4.8    9.7    6.2   14.8   20.7   16.7   16.5   13.2   11.1    6.3    6.5
     27    5.3    3.8    7.4    7.0   12.8   17.5   15.6   17.6   10.4    9.3    4.6    3.9
     28    7.5    6.4    6.6    8.4   12.8   14.7   16.8   18.7    8.9   11.6    2.6    4.3
     29    8.6    7.5    8.9    9.9   14.5   14.8   18.6   15.4    9.2   13.2    5.3    5.8
     30    6.7   99.9    9.0   13.2   14.4   13.7   19.5   15.0   11.6   11.5   10.2    6.8
     31    6.7   99.9    7.7   99.9   12.8   99.9   20.5   14.7   99.9   11.0   99.9    8.7
